[[39932   244    60   130   277   588   629   792   173   262   296   409
   2286   367   141   208   151   126   249   176   437   280  1603    80
    104]
 [  392 44737   571   173  1087   221   130   216    39   195    75   228
    211   383    69    47    35    40   435   377    27   256    14    24
     18]
 [  161   435 48044    42   186    72     8    73    31    27    80    38
    131    58    26    79    48    16   266    61    31    17    43     9
     18]
 [  191   127    16 45369    61   266    51   101    17    40   147   149
    152   147   148    93    41    29   562   165    45  2029    18    10
     26]
 [  530  1139   167    68 38405   313   136    66    73  1081   245  3554
   1178   100   309   105   201    51   259  1671    53    89   106    37
     64]
 [  573   145    22   231   187 45844    22    55   127   182    55   303
    908   228   523    72    59     7    96   118    38    80    77    28
     20]
 [  719    94     6    39    99    42 48133    48     7    28    71   156
    170    21    20    64    12    26    36    45    55    38    51     7
     13]
 [ 1000   217   115   150    65    94    60 46462    26    43   312    42
    146   167    21    87    42   114   165   140    69   282    45   120
     16]
 [  307    17    14    29    57   151     8    17 47069    49    32    38
    396    33   186   166   105     4    71    87   818   160    38   121
     27]
 [  421   182    28    42  1145   255    48    59    42 41606    51  3565
   1172    60    75    90    48    14   126   715    23    72   106    31
     24]
 [  398    70    52   173   161    81    39   307    55    43 47308    98
    141    82    49   212    29   108   123   235    82    84    20    19
     31]
 [  497   245    26   138  3030   336   152    26    37  2737    88 38718
   2207   112   168   116    91    39   231   425    45    99   231    26
    180]
 [ 1821    69    21    53   591   620   103    52   191   582    43  1587
  41893    92   167   120   390    18   151   286    68    63   878    45
     96]
 [  349   326    28   188    76   272    13    73    18    49    42    97
    173 47381    17    35    17    22   329    57    51   289    58     5
     35]
 [  200    59    18    80   179   456    15    18   155    44    47   125
    271    34 47502    97   166     8   103   107    35    68     9    13
    191]
 [  557    88    36    80    88    96   108   102   117    95   225   142
    480    65    81 45929   105    85   214    90   874    65   137    84
     57]
 [  371    46    33    48   199   125    25    62   211    64    73   151
    752    57   241   235 46724    13   108   110    89    39   147    46
     31]
 [  152    38     9    37    39    18    29   106    10    17   157    98
     68    24     9    39    14 48796    20    72    54    44    23    93
     34]
 [  345   334   138   424   157    75    24    28    34    38    66   137
    356   226    58   179    35    18 46054   167    86   933    45    14
     29]
 [  362   368    48   129  1340   218    39    97   124   736   233   339
    534    66   149    72    89    38   202 44439    72   169    24    84
     29]
 [  579    12     9    31    31    36    49    28   549     6    80    36
    188    43    33   760    38    62    69    49 46989    54   104   135
     30]
 [  299   165    10  1778    37    79    33    82   195    36    57    74
    145   221    52    53    18    16   815   123    81 45498    23    87
     23]
 [ 1548    22    22    15   106    84    36    30    30    98    20   192
   1226    75    16    65    71    15   103    14   109    44 46004    38
     17]
 [  205    25     4    19    43    46    15   117    58    20    52    21
    138     9    30   158    32   100    29   104   222    68    23 48439
     23]
 [  156    28     7    42    86    37    16     9    38     9    39   169
    173    38   313   119    37    35    66    25    55    44    17    17
  48425]]
[[3838   21    6   19   28   73   68   97   16   16   51   55  217   37
    13   26   17   12   30   14   48   34  237   12   15]
 [  40 4314   61   24  141   33   18   26    3   19   14   54   17   38
     7    9    5    8   77   56    1   31    0    4    0]
 [  20   58 4750    6   32    6    0    8    8    4    6    7   20    3
     2    8    4    2   35    6    9    2    2    2    0]
 [  27   21    0 4461    6   27    4   13    3    4   14   23   24   19
    20   18    1    3   65   14    3  226    1    0    3]
 [  65  141   14   11 3555   66    9   12    9   83   41  487  145   13
    47   12   28    5   26  178    6   17   17    5    8]
 [  83   13    3   30   25 4464    2    8   25   12    7   44  114   28
    63    7   12    0   18   10    6   12    6    5    3]
 [  88    7    0    6   15    7 4747   11    3    2    8   27   23    5
     7    5    4    2   11    6    6    3    5    2    0]
 [ 114   25    7    9    5   13    6 4618    9    3   35    5   16   12
     4   16    8   10   17   11    5   34    4   13    1]
 [  31    0    1    2    3   13    1    7 4676    4    7    4   39    3
     7   24   22    0    6    9  104   17    5   12    3]
 [  71   27    3   13  142   27    2   13    4 3917   11  401  170    7
     5   23   12    2   20   91    5    7   21    3    3]
 [  49    5    5   18   20   11    2   46    3    5 4690   12   19    3
     6   29    3   11   16   23   11    6    3    2    2]
 [  72   17    3   13  298   56   20    3    8  212   11 3817  248   14
    12   23    9    5   24   51    6   16   39    1   22]
 [ 245    6    3    9   80   77   10    8   27   55    6  235 3907   11
    21   18   57    0   20   28   19    8  137    1   12]
 [  57   31    2   23    6   35    0   13    2    3   11    7   25 4680
     1    6    2    2   40    4    7   26    9    2    6]
 [  25    5    0   13   39   81    1    1   43    4    7   30   36    1
  4594   12   21    0   15   14    3    9    2    2   42]
 [  67   12    2    8   10   13   10   11   13    5   24   15   59    3
     4 4566   13    7   25    4   95    7   16    7    4]
 [  46    2    4    3   24   11    2    4   25    9   10   23   84    3
    16   25 4633    0   15   12   12    4   24    7    2]
 [  16    4    0    3    6    4    3   21    1    1   28    8   11    4
     2    7    0 4838    1   11    6    4    3   10    8]
 [  38   32    9   51   13    5    3    4    5    2    4   24   44   27
     3   27    6    0 4567   17    9  104    1    3    2]
 [  37   35    1   18  188   22    2   20   23   65   32   70   71    8
    11    7   17   11   30 4278    6   30    3   11    4]
 [  53    2    0    2    5    1    2    2   60    1    8    6   17    2
     1  135    5    5   10    5 4645    4   10   17    2]
 [  52   15    3  252    5   11    2   12   26    4    6   20   14   25
     3    8    4    2  112   15   17 4381    4    7    0]
 [ 164    1    2    3    7    7    4    6    0    9    3   24  112    5
     0    8    7    2   11    4   16    5 4596    2    2]
 [  15    3    0    6    5    6    0   15    8    3    6    1    9    0
     2   16    3   12    6    9   33    3    3 4834    2]
 [   8    3    0    2   10    3    2    0    6    0    6   28   21    8
    23   15    4    3   12    1    7    8    3    2 4825]]