[[46224    91    27    56   119   201   250   259    71    84   100   158
    743   137    53    91    52    30   113    74   203    81   697    46
     40]
 [  162 48360   178    60   335    70    41    89    12    60    20    59
     78    67    22    31    19    13   136    83    17    60     7    14
      7]
 [   93   153 49218    22    50    23     4    28    14     9    28    17
     48    26     9    33    25     5   111    23    20    15    14     5
      7]
 [   87    53    15 48493    31    73    15    39    13    10    34    38
     42    71    31    27    17     9   262    39    22   551     5    11
     12]
 [  248   346    65    17 46365    71    56    28    32   376    96  1035
    290    28    59    42    51    12   105   539    34    27    34    18
     26]
 [  210    41    14    63    46 48763     9    24    42    45    16    85
    216    77    87    29    26     5    53    48    29    28    28     9
      7]
 [  319    35     5    15    50    13 49164    19     8    22    25    39
     71     6     8    33    15     7    20    19    32    22    33     8
     12]
 [  369    84    43    62    33    37    27 48595    16    23   112    26
     56    60     9    39    23    29    91    53    40    91    20    51
     11]
 [  143    11     8     7    30    37    10    15 48837    23    16    19
    104    16    46    52    45     1    27    31   382    73    20    39
      8]
 [  174    57    14    17   374    58    27    17    15 47206    22  1198
    351    28    24    27    28     5    49   215    21    18    43     5
      7]
 [  138    16    16    51    71    30    19    94    20    18 49042    24
     38    27    30    82    18    32    53    73    44    23    17    10
     14]
 [  235    72    14    30   873    74    52    14    22   918    27 46534
    637    28    28    46    33    13    68   108    18    26    83    12
     35]
 [  643    34    16    12   188   187    42    27    61   217    31   494
  47248    39    31    57   110    10    62    82    42    33   286    24
     24]
 [  131    76    12    59    31    77     6    38    22    17    17    19
     46 49148     5    15     5     1   101    22    23    88    20     4
     17]
 [   76     7    16    20    44    84     8    14    55    19    29    27
     50    12 49273    45    49     4    36    30    24    19     6    11
     42]
 [  246    24    22    32    42    25    62    42    45    30    73    46
    115    34    21 48377    46    40    81    27   434    27    43    44
     22]
 [  155    22    20    12    67    35    17    18    64    19    37    40
    200    21    63    56 48938     8    39    39    51    17    31    20
     11]
 [   66    22     7     9    24     7     8    40     8     9    32    25
     39    10     7    28     5 49528    14    21    26    16     6    35
      8]
 [  157    96    64   153    58    31     9    24    28    24    36    43
    112    86    23    56    12     8 48592    53    29   263    19    14
     10]
 [  169    87    21    48   471    64    31    52    51   212    62   106
    152    23    34    37    46    14    75 48106    35    49    13    29
     13]
 [  230     5     5    16    16    22    21    20   277     6    31    21
     64    14    21   337    25    28    32    18 48654    27    34    59
     17]
 [   96    36     9   497    13    30    10    51    86     8    22    17
     42    74     9    15    13     8   262    30    32 48579     9    37
     15]
 [  681    11     9     7    42    22    17    16    18    44    12    70
    362    30     6    24    28     9    31    13    47    14 48466    19
      2]
 [   94    10     5    14    31    14     8    45    25    10    26    16
     52     8    20    62    24    39    19    31   103    36    14 49281
     13]
 [   85     4     5    12    29    10     9    11    18     9    16    37
     51    10    89    52    20    16    28    13    27    16    11     9
  49413]]
[[3681   53   18   20   33   60  101   70    9   39   43   69  344   37
    20   19   23   16   33   12   34   43  193   14   16]
 [  50 4336   75   17  128   17   21   23    2   23    6   58   31   32
    16    8    3   12   73   33    3   25    4    2    2]
 [  16   50 4785    2   27    5    3    2    4    4    8    4   27    2
     1    6    3    1   32    4    6    2    3    2    1]
 [  20   34    6 4217   14   30   13   21    4    5   23   26   28   17
    27   21    2    9  103   21    5  348    1    1    4]
 [  52  180   26    7 3401   44   21    9    5  177   36  490  211   12
    64    9   26    9   32  152    6    7   14    4    6]
 [  89   35   14   22   21 4252    7    9   13   18   12   64  199   51
   104    6    9    1   17   16    2   13   12    5    9]
 [  56   12    2    4   13    2 4784    4    1    4   10   25   33    1
     5    6    1    1   11    6    3    6    6    2    2]
 [ 130   34   22   17    8   14   13 4501    2   11   51   12   29   11
     9    8    8   16   22   10    6   30    6   25    5]
 [  37    5    5    0    8   21    4    7 4558    7    7    9   58    2
    34   13   31    1    7   19  110   41    9    7    0]
 [  58   29   12    8  124   27   14    7    3 3949   15  377  214    5
    12    2    9    4   25   74    5    7   13    1    6]
 [  50   13   17    9   24    8   10   32    3    5 4673   12   24    6
    10   24   13    8   18   15    6    6    7    1    6]
 [  61   35   13    9  261   35   33    5    8  313   13 3659  342   15
    24    6   14    5   24   40    2   26   26    3   28]
 [ 186    9   10   14   69   57   22    8    7   86   14  178 4030   10
    30   10   59    4   33   27   11   14   86   10   16]
 [  66   39    9   28    8   29    2   11    0   10   11   12   27 4631
     3    3    2    3   51    2    6   31    4    2   10]
 [  16    9    3    6   28   43    4    3   14    8    5   17   48    4
  4720    5   16    0    9    6    3    9    2    2   20]
 [  66   12   12    5    7   12   11   14    7   15   21   20   72    7
    10 4524   15    7   32    1   97    9    8    8    8]
 [  31   15   10    0   43    4    4    6   17   10   15   19  135    2
    29   14 4579    3   11    8    9    6   13    6   11]
 [  16    9    1    5    1    3    3   12    1    4   20   13   14    4
     6    5    0 4837    6    7    3    7    4   11    8]
 [  28   42   25   32   18    6    3    8    1   16   17   21   58   21
    12   19    5    1 4546   11    8   85    5    4    8]
 [  26   69   11   20  207   20    6   18   11  115   42   64  108    6
    39    8   18   17   46 4090    9   34    1   11    4]
 [  57    1    1    2    7    3    6    6   42    2    6    5   28    5
     4   66    6    4   16    8 4678   13   17    8    9]
 [  29   27    4  185    5    8    8   20   20    3   10   13   24   27
     5    8    3    3  184   15    9 4366    4   14    6]
 [ 193    3    9    1   13    8    1    8    2   20    2   28  162   10
     1    5    7    2   16    2    7    4 4489    5    2]
 [  20    2    3    4    3    4    2   16    4    2    6    5   16    0
    10    8    3    9    2    9   30   16    1 4822    3]
 [  20    3    0    1    6    5    3    1    3    1    3   14   36    3
    47    8    2    4   13    2    4    4    2    3 4812]]